rsw_times=[(106, 3.9577484130859375e-05), (212, 0.00015044212341308594), (317, 0.0002105236053466797), (424, 0.0003139972686767578), (532, 0.00038743019104003906), (639, 0.000484466552734375), (745, 0.0007517337799072266), (851, 0.0007202625274658203), (958, 0.0010259151458740234), (1066, 0.0009992122650146484), (1173, 0.0012192726135253906), (1279, 0.0014328956604003906), (1386, 0.0015017986297607422), (1491, 0.0017304420471191406), (1597, 0.00194549560546875), (1703, 0.002323627471923828), (1809, 0.0025293827056884766), (1914, 0.002593994140625), (2021, 0.0030889511108398438), (2128, 0.0033326148986816406)]
bm_times=[(106, 0.0008623600006103516), (212, 0.00429534912109375), (317, 0.01015019416809082), (424, 0.019039630889892578), (532, 0.02248549461364746), (639, 0.02477288246154785), (745, 0.028411865234375), (851, 0.0360257625579834), (958, 0.04505348205566406), (1066, 0.04813575744628906), (1173, 0.05478072166442871), (1279, 0.06345009803771973), (1386, 0.0738980770111084), (1491, 0.08363628387451172), (1597, 0.08716011047363281), (1703, 0.09836935997009277), (1809, 0.1069941520690918), (1914, 0.11822700500488281), (2021, 0.13570642471313477), (2128, 0.14567828178405762)]